25
80. 77. 0.041 1.5
1.   0.041   0.
2.   0.041   0.
3.   0.9039  36.6379573
4.   0.7498  88.8323592
5.   0.7195  170.460237
6.   0.7196  294.5808897
7.   0.7197  467.812559
8.   0.7198  698.3416161
9.   0.6725  956.5046234
10.  0.5945  1204.263931
11.  0.5229  1446.612136
12.  0.3739  1496.531585
13.  0.2833  1493.823132
14.  0.2227  1491.935253
15.  0.1794  1490.804657
16.  0.1473  1489.572239
17.  0.1228  1488.430314
18.  0.1037  1486.917827
19.  0.0887  1486.352999
20.  0.0765  1485.646336
21.  0.0666  1483.952837
22.  0.0585  1482.943889
23.  0.0517  1482.753694
24.  0.0459  1479.16215
25.  0.041   1478.506099
