42.14583206	-93.35916901	1
42.14583206	-93.35583496	1
42.14583206	-93.35194397	1
42.14583206	-93.34889221	1
42.14583206	-93.34444427	1
42.14583206	-93.34027863	1
42.14583206	-93.33694458	1
42.14583206	-93.33361053	1
42.14583206	-93.33083344	1
42.14583206	-93.32666779	1
42.14583206	-93.32333374	1
42.1455574	-93.32027435	1
42.1455574	-93.3172226	1
42.14194489	-93.3013916	1
42.14194489	-93.29833221	1
42.14194489	-93.29499817	1
42.14194489	-93.29166412	1
42.14138794	-93.28805542	1
42.14138794	-93.28444672	1
42.14138794	-93.28083038	1
42.13249969	-93.26777649	1
42.13583374	-93.2638855	1
42.13555527	-93.26055908	1
42.13555527	-93.25749969	1
42.12833405	-93.2480545	1
42.13194275	-93.24333191	1
42.13194275	-93.23999786	1
42.13194275	-93.23666382	1
42.13194275	-93.23332977	1
42.13166809	-93.34388733	1
42.13166809	-93.34055328	1
42.13166809	-93.33721924	1
42.13166809	-93.33388519	1
42.13166809	-93.33083344	1
42.13138962	-93.32666779	1
42.13138962	-93.3236084	1
42.13138962	-93.32027435	1
42.13138962	-93.31694794	1
42.13138962	-93.31388855	1
42.12944412	-93.30750275	1
42.12944412	-93.30444336	1
42.12944412	-93.3013916	1
42.1194458	-93.29750061	1
42.1194458	-93.29416656	1
42.12749863	-93.27777863	1
42.12749863	-93.27471924	1
42.11888885	-93.26860809	1
42.11888885	-93.26555634	1
42.11888885	-93.26249695	1
42.10277939	-93.32111359	1
42.10277939	-93.31777954	1
42.10277939	-93.3144455	1
42.10277939	-93.3116684	1
42.10277939	-93.3077774	1
42.10277939	-93.30472565	1
42.10277939	-93.30166626	1
42.09749985	-93.28305817	1
42.09833145	-93.27944183	1
42.09833145	-93.27610779	1
42.09833145	-93.27249908	1
42.09860992	-93.26889038	1
42.09860992	-93.26555634	1
42.08638763	-93.30388641	1
42.08638763	-93.30083466	1
42.08638763	-93.29750061	1
42.08638763	-93.29444122	1
42.08388901	-93.28555298	1
42.08388901	-93.28221893	1
42.08361053	-93.27889252	1
42.08361053	-93.27555847	1
42.08361053	-93.27249908	1
42.09111023	-93.25888824	1
42.09111023	-93.2555542	1
42.09083176	-93.24333191	1
42.09083176	-93.23999786	1
42.09083176	-93.23666382	1
42.06750107	-93.28833008	1
42.06750107	-93.28527832	1
42.06750107	-93.28194427	1
42.06750107	-93.27861023	1
42.06750107	-93.27555847	1
42.06750107	-93.27222443	1
42.07166672	-93.26889038	1
42.07333374	-93.26638794	1
42.05333328	-93.26583099	1
42.05333328	-93.26277924	1
42.05333328	-93.25944519	1
42.05333328	-93.25611115	1
42.05333328	-93.2527771	1
42.05333328	-93.24944305	1
42.05333328	-93.24610901	1
42.05333328	-93.24305725	1
42.05333328	-93.23972321	1
42.05333328	-93.23638916	1
42.05333328	-93.23332977	1
42.04416656	-93.2591629	1
42.04416656	-93.25611115	1
42.04277802	-93.23972321	1
42.04277802	-93.23666382	1
42.04277802	-93.23332977	1
42.30110931	-93.46028137	1
42.30110931	-93.45666504	1
42.30110931	-93.45333099	1
42.30110931	-93.44999695	1
42.30110931	-93.4458313	1
42.30110931	-93.44166565	1
42.30110931	-93.43777466	1
42.30110931	-93.4338913	1
42.30110931	-93.43055725	1
42.30166626	-93.41972351	1
42.30166626	-93.41555786	1
42.30166626	-93.41166687	1
42.2863884	-93.45999908	1
42.2863884	-93.45666504	1
42.2863884	-93.45249939	1
42.2863884	-93.44889069	1
42.27249908	-93.46111298	1
42.27194595	-93.45583344	1
42.27194595	-93.45055389	1
42.27194595	-93.4383316	1
42.27194595	-93.43360901	1
42.27194595	-93.42972565	1
42.25694275	-93.45749664	1
42.25694275	-93.45305634	1
42.25694275	-93.44944763	1
42.25694275	-93.4458313	1
42.25833511	-93.44194794	1
42.25833511	-93.4383316	1
42.25833511	-93.43499756	1
42.25777817	-93.43166351	1
42.26250076	-93.41805267	1
42.26250076	-93.41416931	1
42.26250076	-93.41055298	1
42.24416733	-93.44194794	1
42.24416733	-93.43861389	1
42.24416733	-93.43360901	1
42.24694443	-93.41527557	1
42.24666595	-93.41194153	1
42.24666595	-93.40860748	1
42.24250031	-93.4311142	1
42.24055481	-93.42749786	1
42.22777939	-93.41638947	1
42.22777939	-93.41249847	1
42.22777939	-93.40888977	1
42.23361206	-93.39833069	1
42.23305511	-93.39333344	1
42.23305511	-93.3888855	1
42.23222351	-93.38361359	1
42.23222351	-93.37916565	1
42.23222351	-93.37472534	1
42.23222351	-93.3702774	1
42.22805405	-93.3611145	1
42.22805405	-93.35778046	1
42.22805405	-93.35444641	1
42.21194458	-93.43972015	1
42.21194458	-93.43527985	1
42.21138763	-93.43083191	1
42.2183342	-93.42055511	1
42.2183342	-93.41666412	1
42.2183342	-93.41278076	1
42.2183342	-93.40110779	1
42.21861267	-93.39749908	1
42.2183342	-93.39389038	1
42.21805573	-93.38999939	1
42.21166611	-93.37916565	1
42.21166611	-93.37472534	1
42.21166611	-93.37110901	1
42.21805573	-93.36027527	1
42.21777725	-93.35694122	1
42.21777725	-93.35333252	1
42.21472168	-93.34471893	1
42.21472168	-93.33750153	1
42.21472168	-93.33388519	1
42.21805573	-93.3236084	1
42.21805573	-93.31972504	1
42.21805573	-93.31583405	1
42.20639038	-93.34333038	1
42.20639038	-93.33860779	1
42.20639038	-93.33444214	1
42.20694351	-93.30638885	1
42.20694351	-93.30278015	1
42.20694351	-93.29888916	1
42.21472168	-93.34111023	1
42.19694519	-93.3041687	1
42.19666672	-93.30083466	1
42.19666672	-93.29750061	1
42.1866684	-93.36444092	1
42.1866684	-93.36083221	1
42.1866684	-93.35722351	1
42.1866684	-93.35333252	1
42.1902771	-93.32416534	1
42.1902771	-93.3208313	1
42.17861176	-93.33583069	1
42.17861176	-93.33249664	1
42.17861176	-93.32472229	1
42.17861176	-93.32055664	1
42.17861176	-93.31639099	1
42.17222214	-93.34999847	1
42.17222214	-93.34361267	1
42.17222214	-93.33444214	1
